114.38859542009085
109.64461067937188
101.30511456415836
71.16123338958198
111.4905425608483
110.53689028172609
101.38956515120123
119.21990714816089
110.68226772274538
95.84251903631235
91.41124769126169
94.06099903039592
112.34616906123935
77.90866312198743
66.12928972240303
95.50209540251508
92.50266146044751
109.61277814302966
117.96607456476835
80.03568510203826
110.79720175263353
101.67547631339146
102.62128121656181
151.61325467244396
98.44948714045455
132.302764368763
148.3776714300423
108.87043056500593
52.03543447070021
89.7759900720205
70.17207517241597
82.46466203621478
98.83818171198546
95.39371683185414
71.7220586579415
58.691026188535524
116.10541342114452
94.21698710626795
116.60324817520156
57.431618217831335
88.23027288642852
99.20800517499076
68.93970391394329
88.02345055113767
89.50914912293227
103.9561057998329
99.821492830332
90.50025717597785
134.35165663060934
102.05634636662869
77.95911483537853
79.16445380208361
64.87350911348159
119.79939395591636
69.49575311214222
76.92151760886631
96.5106457748879
103.18588004926728
121.8146103762399
144.1821148579917
132.55005356864646
104.4029834650405
86.42747136472339
110.93238156438645
127.46853210456017
117.94022771362462
140.3959045514839
134.71634183238643
128.10571189226647
70.61968848585214
115.58136913490247
121.58091716977736
89.81969369518475
121.7844241223759
92.49456052120797
110.61124055444067
97.7420309078551
81.83820502738463
91.08715423280292
110.27364789462248
49.75315602841406
143.56218164619926
111.3069713921903
112.50897350272979
126.67790872416123
54.36170823214342
56.403565283955054
113.92729852734671
101.16290251749002
111.77035175161767
72.6930599266106
100.60534418338463
61.59272911791262
81.97420696726854
59.220499438972
121.98389429874834
123.42234397223699
90.15651126742527
105.8511008547381
92.5236369697871
98.94787473234513
127.03417784838486
120.87582154368
43.017715201718296
108.27585272887876
131.48470107510545
141.24223418759289
114.2954296840487
158.32653375588671
96.0048630451685
107.56628112028022
115.45475258922255
113.33162076721163
112.26536040906052
143.6499664599157
118.92272148923743
106.77540489104186
96.7108196927587
123.70617959136166
109.69065069485099
91.97815761471082
94.4929047763607
76.94323475827119
136.98841664810843
131.11449988178757
110.94763097099185
97.04775125848454
65.88053512546142
96.09943723752448
113.85367627661327
89.99086912428514
122.00352998355966
85.78027712028506
109.18036221680609
63.51555344171926
88.47173395940058
73.28601236408387
79.9330179859311
113.05569409866926
133.5483391774503
110.98564410617587
64.09746115722874
111.75189055753519
70.85488671172048
74.06048126154957
87.63151437132348
47.02777278469205
122.91565926589382
101.86922767596327
118.95378912546155
117.35362443390184
152.18154575158928
75.42363708120104
91.7059181385844
115.25483992958348
68.73999674867846
69.69067005278724
61.89079378163461
75.18459125902731
87.628031179517
124.58229379772908
99.3474741425254
125.37610791680686
96.2077727183597
116.73906437775625
91.28035872346527
157.02247637663405
119.78057319199911
101.3427074022981
68.55701149456424
109.38238834614988
134.61231445433265
50.352827294281596
116.16187278468836
97.6726405336312
20.16952890670663
111.81327872316547
90.61407934994168
81.5482501687649
65.79992426695878
78.21411978874642
48.402701434688296
115.77399829990259
95.8675023141427
91.41792267901657
90.9192589108023
98.25123004452242
118.30467122457452
100.51777276175577
104.19463013248102
114.98482608200912
99.90784224538832
122.92800964521183
61.88075370787026
96.84214230548325
104.58585652525716
45.81742611133761
70.2579417386209
141.29424312844554
134.39295696065844
66.09171361903933
125.76862104459394
93.5742442287495
64.12808761705233
98.86952022361343
100.01744086255124
106.3557162889763
77.18282083356817
88.72981311402918
118.1495424594326
62.57262324666771
72.9579696877116
103.21300281173217
87.51666937195152
103.59172973566491
111.72231426567816
102.59149810029157
109.6139077844294
103.60565331555325
130.0905351218222
82.76831140230775
115.95863779680167
104.2854782699888
141.26405844107057
93.44330649650516
92.85803034412334
108.76266503798576
90.93679132631864
46.03244873694741
140.52544987909184
100.21777156879655
127.7497528515311
97.33255770115429
100.88050166180405
79.44498160825007
116.55351911775259
122.20088056616778
71.67218964760579
81.19814263705558
106.56947030368903
107.02551791390744
168.05764482673135
82.21719434277063
135.0019360312241
121.9130424020422
76.31541786558289
65.16709167608883
105.62776121653361
108.46492505092748
116.19848657910711
81.40845195516654
136.4224482075399
121.94409509254814
115.74950523161915
106.64273949234308
92.45234145156486
56.5155857762422
79.89650464268045
110.69571304085855
50.47442212388497
52.892980596073556
105.67870773086086
91.33186417959104
70.50918653435593
125.35961788180832
124.81445548501122
88.79750817997262
68.2483773760911
75.40814041239732
125.11866574413361
126.0563273462959
110.20430325813692
110.27196534453326
76.27218545789611
97.16241257998944
109.77466052808602
99.70709809782154
96.8716113782074
111.11437672843178
94.64365857784549
113.92307378383477
110.27689263670491
152.14600802831188
60.180273358509815
100.06907521241519
122.88251811977467
129.98973654599794
52.59005955285917
70.60433318766026
120.46688035972483
118.42898170394119
131.32766073763335
71.16113583968877
140.31536155749933
72.23845622442967
76.05927933806463
109.24208870402764
103.72634995924537
87.22447735112466
107.0276045822816
45.74066640019373
109.3212014141006
161.4124311070807
113.86171885578455
86.04898464676705
121.11223512721297
85.85411852742924
119.97791007294701
111.49160171724857
134.31134101846874
86.34053001609581
66.48651905675777
128.03580245104678
103.94217047033793
68.42415142686255
115.43868178795293
88.07838109319258
111.61362705278009
105.36390690359751
129.80707442521037
111.36798036109907
60.19597963221196
62.6161314148327
96.08916967842525
114.11469572234053
79.85435182903767
102.12922696543622
89.65357272064809
116.32985936214578
113.3584799397071
86.51362391233233
103.98257202002607
105.95023305273357
94.79515679487116
78.64632543038284
93.91735385138212
85.58856305966478
112.18368328180082
61.75193481381164
105.51632486780953
86.9513761224153
72.26924229461021
103.98057289929565
104.3259955279235
107.09295898524928
96.78915787151574
81.22086117415292
113.46172301665584
92.4520553905381
78.57037340995058
95.79121913223544
98.76655733303775
112.46102074720896
103.9936840527308
29.81138387117288
96.71867051900584
87.55390325751736
122.25546356702174
81.95763473065387
140.02979042956687
100.14181274596973
57.58503497277107
66.97071296002096
79.81605054202535
126.04376572637725
107.88327010214212
117.49738852258461
110.94602999648632
146.48212406030933
64.51202268621243
107.06295710723897
119.8862664524242
97.75180927633382
81.28668050734738
79.15841429628995
105.98502931020656
126.28087110748903
55.3173182821204
126.2892473718871
130.53321159980445
126.9554090882659
78.70289426464004
81.79885399144399
97.6662433154703
142.54872001196262
50.16864250129057
137.60414827134713
94.78531327660302
102.76782733315248
74.14012982613056
95.28224131237147
92.36738246470934
74.0098242724874
98.59521477498114
89.38834376167425
66.24291877865397
103.69641297203033
107.80325895862991
92.38956131794527
114.08739247090553
91.67474937694996
103.51574499569286
112.97682083100975
116.14317722444702
85.65358216339334
106.28307454036138
78.19303367877644
102.33314490449168
82.88243614043554
112.25400306402878
53.513895351296846
117.96732951492005
52.34174907925787
53.26731908065482
81.58550519161794
82.8672367349407
137.39347605233962
85.87312676033721
78.5222928980907
68.37504162449022
68.0620911502923
60.621137159783984
117.58510789411119
101.53529801078632
92.85425710015357
103.56013042927641
107.55729001771205
108.57260180485943
113.5213424277062
145.6239115056874
118.98653639564463
81.40269564512244
68.09150163689532
80.40344552231596
133.04007525797252
102.54274237203332
94.63049405171621
105.28343110201541
121.70053933307449
71.23934336799735
115.234039398677
105.37123862357767
76.31533264947387
79.13755099681082
101.58445835722219
75.63725300451351
117.53039617005882
117.65230211891118
88.85380247802013
100.39838709980475
120.97737057916144
65.90464306155637
99.12009795970003
119.03464958219756
123.6608586394141
95.9151770610424
100.18653404425976
134.15610149170323
132.4579645703783
139.69443833453445
95.53437226855104
139.9114827544706
94.02055560572344
61.856568723522706
149.5836712198565
87.91039746259342
103.057683724438
109.58509628496607
76.34964418392343
175.8554240187952
96.83548044838876
118.35483736549276
131.04215061954534
97.59576996748696
89.23606263263402
69.5965726253749
97.58114843329486
93.9272170642468
72.90072899099827
130.98140898871313
95.1356559436567
113.64159285529313
120.17929023854632
128.9223497440231
94.60240864180759
109.13764406481658
41.76585657484036
116.1900149267827
90.1681481836775
113.78111735931692
103.24827239215807
104.5824653565208
111.96998223970284
96.24499746810677
73.30576312325215
131.07119735705817
108.31138136282175
100.72197674588733
73.4162965502886
103.44416429002531
124.67973275548503
97.33744744019823
6.211411235137319
154.23377418143684
83.80839147454728
114.26887111557328
129.086604406403
112.16430376787804
125.38336186302516
77.02940890393991
91.1218446178399
113.44973444806935
118.81558738300991
105.52160573361661
125.93726648675451
51.45614436745646
88.71002461661486
87.48957434038464
134.281490983345
123.72437920087506
71.90918829186214
39.26791319117893
104.48081519303697
110.60076735464281
107.78149147064073
85.37725760795445
135.80132439937145
126.71803502249988
127.85724397691908
66.33542605523377
73.40787669643085
37.2091128871122
97.93111401265047
130.61248271429994
111.64722963500876
117.76702888590113
95.62055475035503
108.91180672387084
80.36695198488866
71.7775640409303
129.58405745511234
76.78946907707581
71.43393780074736
119.59165427466566
114.4027303222965
94.75376786849708
55.119090904030664
119.59413714796275
111.182693266487
46.332539419927045
132.33476911766735
130.08710563846594
133.77325399601943
99.96233597603506
82.49923271483061
90.06447848222713
73.46489479696895
83.67909293154008
116.62483849252293
110.22836245628922
125.57165967944522
80.41891048746609
59.41771300592208
140.47998846216655
89.95916182772248
92.50670675672508
131.2819989069229
100.37472971973773
65.64492997520674
79.69648377155482
150.89825662921373
127.52198448223577
109.85293368724979
137.07773736755058
112.50471356065694
116.48716685986022
132.25701633073538
130.20170899265716
42.18567988568211
79.20424738534157
120.5355796296663
166.15440722940514
66.80439137067955
118.69998371608096
111.44575760837326
110.71113809882375
105.35642126518255
117.83304538336334
111.40524514076164
73.6078035074
61.24405285177807
74.20982374998586
46.47478102249259
109.46928616423082
115.61137990503843
118.65880528946033
94.78232555736595
83.89668691560905
97.95919913664994
116.86701802134615
111.12828487750323
128.87528822254453
78.87354930898151
105.32312587475646
100.3586732629018
128.0179146246321
146.52150641619227
109.23647833133826
68.01839530642198
73.76328903738663
101.64401815750344
89.83903233286253
47.02957873376309
79.95334804181078
110.89006444112282
121.53999731682222
80.75247785680742
76.08955198419902
58.88135084181528
113.17045958230594
159.67141089347552
100.44282587608647
101.15816555356693
121.43302435829476
96.33439824805819
111.72449342464961
75.91208743097921
65.86644848228241
95.20424490897635
147.1593840536848
138.88634543532706
112.96135979681466
93.51177387171299
114.56948469332846
97.51804148083744
151.53853805064563
88.9471648021196
122.06126728717008
50.360326184699986
118.8692729201144
84.24590849670473
126.9915623310063
91.43020650760722
83.15667913169779
111.98133948953526
47.68349216744622
130.2904107415051
110.73399356959229
98.81325713986244
73.13817716496749
119.63045747052988
101.47502321865238
99.59675318011156
87.0512831171765
82.50129840603938
96.05084633523802
104.44080698228689
102.1061553335954
97.59080340666723
173.4874507113891
87.66963752057787
74.4273714993098
74.56841890437892
98.34812111010467
108.73157044926828
99.62442048732376
106.16297924881125
95.59601813259326
58.688584562541635
125.4131088031788
46.79963579281924
112.91525039987121
90.73564943453619
76.88506830291769
96.91740294722939
75.63126778367806
83.88031933744493
56.132295772461795
139.07743471668343
114.34346235802207
94.71115165177274
84.70491790251427
64.33058556474948
69.60134469486079
113.11740115495508
63.76855831906027
146.10330307496537
105.7845655074362
94.48449980355558
117.94561079334773
91.31614516446024
57.32589842747603
131.3252413437127
104.72196300628252
82.05678585571142
111.62483819128072
103.0796071071414
136.7666803158159
60.74872690972477
95.92186660560809
60.1403300311928
116.16764199347297
124.58467649068095
49.05648531934897
128.60805483328778
80.7863680128292
83.67335960252947
88.71507950424213
107.68781078488124
59.03161226323249
126.0166816438349
147.74448332097398
87.4297371320304
75.03407551913877
85.69884522053447
116.42065639654722
122.78579876504833
95.6165892414484
101.64804080452897
99.9538700039797
42.30655867780611
93.10968707708926
120.70519464470372
90.40367312646407
90.0956666034919
62.44395939738175
130.93831403960667
121.51110787568334
115.69949879417172
109.77506998282391
111.45552187600904
101.16282171311856
111.16463008009791
108.92709819357617
112.41336424562034
70.20635811587667
141.25161604645334
151.80974317939854
92.7135180211832
64.91729694183334
110.80560768184333
125.42744955084994
119.6898379495245
106.30949328931283
147.6577228108268
44.0956169105134
125.1098819397539
119.57578305153146
107.40764996485521
130.96652422592348
116.48273611129689
103.33036325562308
100.31027000029474
134.65317367041916
108.10250969060382
80.23338932646612
110.59013255397764
94.44727386233627
124.09411976493338
111.36820166060133
111.00066413755957
44.38743102035598
79.06989731933822
81.5550220739303
94.43782204636517
120.18954722827081
76.021319486653
64.21528799165458
75.90922022725027
65.56423515735781
113.30094178599343
26.93455289755589
108.02169859948287
108.5545104258094
45.102068219653106
95.93063511977158
90.19925234222465
122.04073946898211
55.9327372073058
107.02706711507844
71.03025670060117
99.12297598897231
130.52761167156004
90.09976984330751
130.46213037587484
108.29732936082017
79.81649635625006
135.41699345471338
113.63685622523472
65.33068517958222
97.43725367450122
115.17532902862553
114.49183377384423
89.62680771363118
102.03048587805006
104.91324934967551
88.7077556011884
97.12707409210992
86.49888789167362
82.94912729896923
139.61726199091768
129.32025150970145
138.89449279923087
105.12850109783902
112.53079897744769
125.26661111030525
112.09955839531914
105.94374512073014
147.5273854643959
103.62484896279908
122.2707275371071
101.02219329933462
118.22597468056838
92.5274192676451
162.54150001107138
86.5471820944962
134.97387393764143
137.43676638593192
92.26398617649502
77.3507235682854
101.50079141274676
98.19900676084936
114.81997207206618
105.12310468238884
117.79115719382499
84.64021785873878
102.46878518804047
104.33369303731676
130.32156719038238
91.4998090564218
98.44196898730955
107.93033509274677
98.97597913698694
105.14498442914832
127.61828166761649
117.17214503630439
89.14761746249542
129.23116875683093
37.405581689912715
52.52478385860924
117.83731294301967
93.13025976273988
98.0532165550287
100.81827030222752
103.96100511975706
116.43471224491975
126.75958631468303
116.23050042940656
96.54163068947864
80.35776200759325
165.52656399450655
101.92395855576397
72.18250633354772
95.70293275865454
126.19232620963047
121.6894165733938
143.4877483989713
105.38422151577757
79.61639190445462
103.50875829913852
96.13481328336972
88.45352697851567
107.56569496318025
89.28216416701568
143.6285276602883
92.41262941118217
74.63806720468308
89.10110187862568
106.49132726505567
69.70643479286421
156.53779813547476
124.67853560069776
80.03995667720996
108.27656574376776
158.40491141777787
94.0225054548053
76.92267090196268
78.19406124773818
146.94729999866115
99.61363958587161
103.36611448346784
28.392449844221048
63.15156326933866
113.16141835528808
80.77361927960891
62.11312008936839
121.72363841344155
92.55505934482672
60.21014769028061
109.05765834765731
117.5840917074782
103.06678513773826
126.55030137416608
119.54595315765148
125.4127994801924
83.1145845684041
56.82692526485726
79.3583908034283
98.21957441199764
70.07286551104634
115.36087098575658
81.53794243106694
84.50021200407949
107.11084753202974
108.67067247670805
82.88937709269995
108.92224588093387
137.43601934557734
74.77954228761885
139.2713859294687
87.7627063493681
87.65329155316263
70.11110563931669
89.30132846310431
117.1975117092367
106.4545762743929
111.09609744155836
116.82930370514471
105.43762806216981
94.73413256147694
86.34625602291763
116.98418526302717
142.21046384900924
107.70257430791843
117.95041470023276
122.44337757636791
108.21068415094551
96.02876573924505
141.2284037634367
113.37826504075913
61.94504509582846
128.53887675014266
76.09315963842897
113.88251953973104
134.27326891043919
137.3001292948244
64.3972189316624
84.10373679895886
120.57032317350163
126.83795639913957
56.73548844140278
109.57224902479938
118.42837239543404
127.34141997594433
118.1250715545778
113.01936656015336
81.5839966185125
95.60726385418025
72.98207009893704
117.5471497329002
92.82530338028515
135.7694815511345
122.20132442871332
87.50476332429575
123.75741286285651
77.75037405652436
109.05717921997041
93.3292204395123
147.80424298119243
91.08419437403461
78.51878521724403
68.36752291225194
101.15070843017939
83.92331655497856
121.66433094953402
69.84277586559867
113.50731994597787
73.4716523677284
67.2185609388153
103.59406098610718
102.95817613861927
66.6009475699007
82.55755633733054
111.16619523799945
105.25809756251391
100.73727197491148
107.57623442870423
70.19063298128077
113.21631440776223
131.21604175889533
117.5175765063972
89.71189281445045
75.91258811431004
89.89501066912877
74.57483165753801
109.97091709889541
82.4370826525516
77.13417826445675
111.25570272831841
134.03992831733788
105.19116170529277
121.68220254888845
98.46324194892149
102.30085536837043
84.67810771651733
110.98242301333815
116.86483619637357
62.23703117607284
69.53455772049742
92.56082983547134
